line 40 25 0 75
line 45 25 0 75
line 50 25 0 75
line 55 25 0 75
line 60 25 0 75
line 65 25 0 75
line 70 25 0 75
line 75 25 0 75
line 80 25 0 75
line 85 25 0 75
line 90 25 0 75
line 95 25 0 75
line 100 25 0 75
line 105 25 0 75
line 110 25 0 75
line 115 25 0 75
line 120 25 0 75
line 125 25 0 75
line 130 25 0 75
line 135 25 0 75
line 140 25 0 75
line 145 25 0 75
line 150 25 0 75
line 155 25 0 75
line 160 25 0 75
line 165 25 0 75
circle 70 100 100
blackcircle 7 75 80
blackcircle 7 125 80
line 100 170 0 200
line 85 220 30 0
line 100 370 -50 80
line 100 370 50 80
arc 70 110 60 70